491 394 500 249 534 240 557 245 433 214 410 218 390 217 660 154 391 155 553 459 484 477 864 502 315 479 973 1162 343 1007 919 1680 416 1206 939 1787 403 1295 882 1737 418 1260 853 1677 440 1203 734 1212 488 1164 729 1375 488 1349 696 1483 581 1405 707 1478 610 1385 663 1666 578 1610 
491 394 500 249 534 240 557 245 433 214 410 218 390 217 660 154 391 155 553 459 484 477 864 502 315 479 973 1162 343 1007 919 1680 416 1206 939 1787 403 1295 882 1737 418 1260 853 1677 440 1203 734 1212 488 1164 729 1375 488 1349 696 1483 581 1405 707 1478 610 1385 663 1666 578 1610 
491 394 500 249 534 240 557 245 433 214 410 218 390 217 660 154 391 155 553 459 484 477 864 502 315 479 973 1162 343 1007 919 1680 416 1206 939 1787 403 1295 882 1737 418 1260 853 1677 440 1203 734 1212 488 1164 729 1375 488 1349 696 1483 581 1405 707 1478 610 1385 663 1666 578 1610 
491 394 500 249 534 240 557 245 433 214 410 218 390 217 660 154 391 155 553 459 484 477 864 502 315 479 973 1162 343 1007 919 1680 416 1206 939 1787 403 1295 882 1737 418 1260 853 1677 440 1203 734 1212 488 1164 729 1375 488 1349 696 1483 581 1405 707 1478 610 1385 663 1666 578 1610 
491 394 500 249 534 240 557 245 433 214 410 218 390 217 660 154 391 155 553 459 484 477 864 502 315 479 973 1162 343 1007 919 1680 416 1206 939 1787 403 1295 882 1737 418 1260 853 1677 440 1203 734 1212 488 1164 729 1375 488 1349 696 1483 581 1405 707 1478 610 1385 663 1666 578 1610 
491 394 500 249 534 240 557 245 433 214 410 218 390 217 660 154 391 155 553 459 484 477 864 502 315 479 973 1162 343 1007 919 1680 416 1206 939 1787 403 1295 882 1737 418 1260 853 1677 440 1203 734 1212 488 1164 729 1375 488 1349 696 1483 581 1405 707 1478 610 1385 663 1666 578 1610 
491 394 500 249 534 240 557 245 433 214 410 218 390 217 660 154 391 155 553 459 484 477 864 502 315 479 973 1162 343 1007 919 1680 416 1206 939 1787 403 1295 882 1737 418 1260 853 1677 440 1203 734 1212 488 1164 729 1375 488 1349 696 1483 581 1405 707 1478 610 1385 663 1666 578 1610 
491 394 500 249 534 240 557 245 433 214 410 218 390 217 660 154 391 155 553 459 484 477 864 502 315 479 973 1162 343 1007 919 1680 416 1206 939 1787 403 1295 882 1737 418 1260 853 1677 440 1203 734 1212 488 1164 729 1375 488 1349 696 1483 581 1405 707 1478 610 1385 663 1666 578 1610 
491 394 500 249 534 240 557 245 433 214 410 218 390 217 660 154 391 155 553 459 484 477 864 502 315 479 973 1162 343 1007 919 1680 416 1206 939 1787 403 1295 882 1737 418 1260 853 1677 440 1203 734 1212 488 1164 729 1375 488 1349 696 1483 581 1405 707 1478 610 1385 663 1666 578 1610 
491 394 500 249 534 240 557 245 433 214 410 218 390 217 660 154 391 155 553 459 484 477 864 502 315 479 973 1162 343 1007 919 1680 416 1206 939 1787 403 1295 882 1737 418 1260 853 1677 440 1203 734 1212 488 1164 729 1375 488 1349 696 1483 581 1405 707 1478 610 1385 663 1666 578 1610 
491 394 500 249 534 240 557 245 433 214 410 218 390 217 660 154 391 155 553 459 484 477 864 502 315 479 973 1162 343 1007 919 1680 416 1206 939 1787 403 1295 882 1737 418 1260 853 1677 440 1203 734 1212 488 1164 729 1375 488 1349 696 1483 581 1405 707 1478 610 1385 663 1666 578 1610 
491 394 500 249 534 240 557 245 433 214 410 218 390 217 660 154 391 155 553 459 484 477 864 502 315 479 973 1162 343 1007 919 1680 416 1206 939 1787 403 1295 882 1737 418 1260 853 1677 440 1203 734 1212 488 1164 729 1375 488 1349 696 1483 581 1405 707 1478 610 1385 663 1666 578 1610 
491 394 500 249 534 240 557 245 433 214 410 218 390 217 660 154 391 155 553 459 484 477 864 502 315 479 973 1162 343 1007 919 1680 416 1206 939 1787 403 1295 882 1737 418 1260 853 1677 440 1203 734 1212 488 1164 729 1375 488 1349 696 1483 581 1405 707 1478 610 1385 663 1666 578 1610 
491 394 500 249 534 240 557 245 433 214 410 218 390 217 660 154 391 155 553 459 484 477 864 502 315 479 973 1162 343 1007 919 1680 416 1206 939 1787 403 1295 882 1737 418 1260 853 1677 440 1203 734 1212 488 1164 729 1375 488 1349 696 1483 581 1405 707 1478 610 1385 663 1666 578 1610 
491 394 500 249 534 240 557 245 433 214 410 218 390 217 660 154 391 155 553 459 484 477 864 502 315 479 973 1162 343 1007 919 1680 416 1206 939 1787 403 1295 882 1737 418 1260 853 1677 440 1203 734 1212 488 1164 729 1375 488 1349 696 1483 581 1405 707 1478 610 1385 663 1666 578 1610 
491 394 500 249 534 240 557 245 433 214 410 218 390 217 660 154 391 155 553 459 484 477 864 502 315 479 973 1162 343 1007 919 1680 416 1206 939 1787 403 1295 882 1737 418 1260 853 1677 440 1203 734 1212 488 1164 729 1375 488 1349 696 1483 581 1405 707 1478 610 1385 663 1666 578 1610 
491 394 500 249 534 240 557 245 433 214 410 218 390 217 660 154 391 155 553 459 484 477 864 502 315 479 973 1162 343 1007 919 1680 416 1206 939 1787 403 1295 882 1737 418 1260 853 1677 440 1203 734 1212 488 1164 729 1375 488 1349 696 1483 581 1405 707 1478 610 1385 663 1666 578 1610 
491 394 500 249 534 240 557 245 433 214 410 218 390 217 660 154 391 155 553 459 484 477 864 502 315 479 973 1162 343 1007 919 1680 416 1206 939 1787 403 1295 882 1737 418 1260 853 1677 440 1203 734 1212 488 1164 729 1375 488 1349 696 1483 581 1405 707 1478 610 1385 663 1666 578 1610 
491 394 500 249 534 240 557 245 433 214 410 218 390 217 660 154 391 155 553 459 484 477 864 502 315 479 973 1162 343 1007 919 1680 416 1206 939 1787 403 1295 882 1737 418 1260 853 1677 440 1203 734 1212 488 1164 729 1375 488 1349 696 1483 581 1405 707 1478 610 1385 663 1666 578 1610 
491 394 500 249 534 240 557 245 433 214 410 218 390 217 660 154 391 155 553 459 484 477 864 502 315 479 973 1162 343 1007 919 1680 416 1206 939 1787 403 1295 882 1737 418 1260 853 1677 440 1203 734 1212 488 1164 729 1375 488 1349 696 1483 581 1405 707 1478 610 1385 663 1666 578 1610 
491 394 500 249 534 240 557 245 433 214 410 218 390 217 660 154 391 155 553 459 484 477 864 502 315 479 973 1162 343 1007 919 1680 416 1206 939 1787 403 1295 882 1737 418 1260 853 1677 440 1203 734 1212 488 1164 729 1375 488 1349 696 1483 581 1405 707 1478 610 1385 663 1666 578 1610 
491 394 500 249 534 240 557 245 433 214 410 218 390 217 660 154 391 155 553 459 484 477 864 502 315 479 973 1162 343 1007 919 1680 416 1206 939 1787 403 1295 882 1737 418 1260 853 1677 440 1203 734 1212 488 1164 729 1375 488 1349 696 1483 581 1405 707 1478 610 1385 663 1666 578 1610 
491 394 500 249 534 240 557 245 433 214 410 218 390 217 660 154 391 155 553 459 484 477 864 502 315 479 973 1162 343 1007 919 1680 416 1206 939 1787 403 1295 882 1737 418 1260 853 1677 440 1203 734 1212 488 1164 729 1375 488 1349 696 1483 581 1405 707 1478 610 1385 663 1666 578 1610 
491 394 500 249 534 240 557 245 433 214 410 218 390 217 660 154 391 155 553 459 484 477 864 502 315 479 973 1162 343 1007 919 1680 416 1206 939 1787 403 1295 882 1737 418 1260 853 1677 440 1203 734 1212 488 1164 729 1375 488 1349 696 1483 581 1405 707 1478 610 1385 663 1666 578 1610 
491 394 500 249 534 240 557 245 433 214 410 218 390 217 660 154 391 155 553 459 484 477 864 502 315 479 973 1162 343 1007 919 1680 416 1206 939 1787 403 1295 882 1737 418 1260 853 1677 440 1203 734 1212 488 1164 729 1375 488 1349 696 1483 581 1405 707 1478 610 1385 663 1666 578 1610 
491 394 500 249 534 240 557 245 433 214 410 218 390 217 660 154 391 155 553 459 484 477 864 502 315 479 973 1162 343 1007 919 1680 416 1206 939 1787 403 1295 882 1737 418 1260 853 1677 440 1203 734 1212 488 1164 729 1375 488 1349 696 1483 581 1405 707 1478 610 1385 663 1666 578 1610 
491 394 500 249 534 240 557 245 433 214 410 218 390 217 660 154 391 155 553 459 484 477 864 502 315 479 973 1162 343 1007 919 1680 416 1206 939 1787 403 1295 882 1737 418 1260 853 1677 440 1203 734 1212 488 1164 729 1375 488 1349 696 1483 581 1405 707 1478 610 1385 663 1666 578 1610 
491 394 500 249 534 240 557 245 433 214 410 218 390 217 660 154 391 155 553 459 484 477 864 502 315 479 973 1162 343 1007 919 1680 416 1206 939 1787 403 1295 882 1737 418 1260 853 1677 440 1203 734 1212 488 1164 729 1375 488 1349 696 1483 581 1405 707 1478 610 1385 663 1666 578 1610 
491 394 500 249 534 240 557 245 433 214 410 218 390 217 660 154 391 155 553 459 484 477 864 502 315 479 973 1162 343 1007 919 1680 416 1206 939 1787 403 1295 882 1737 418 1260 853 1677 440 1203 734 1212 488 1164 729 1375 488 1349 696 1483 581 1405 707 1478 610 1385 663 1666 578 1610 
491 394 500 249 534 240 557 245 433 214 410 218 390 217 660 154 391 155 553 459 484 477 864 502 315 479 973 1162 343 1007 919 1680 416 1206 939 1787 403 1295 882 1737 418 1260 853 1677 440 1203 734 1212 488 1164 729 1375 488 1349 696 1483 581 1405 707 1478 610 1385 663 1666 578 1610 
491 394 500 249 534 240 557 245 433 214 410 218 390 217 660 154 391 155 553 459 484 477 864 502 315 479 973 1162 343 1007 919 1680 416 1206 939 1787 403 1295 882 1737 418 1260 853 1677 440 1203 734 1212 488 1164 729 1375 488 1349 696 1483 581 1405 707 1478 610 1385 663 1666 578 1610 
491 394 500 249 534 240 557 245 433 214 410 218 390 217 660 154 391 155 553 459 484 477 864 502 315 479 973 1162 343 1007 919 1680 416 1206 939 1787 403 1295 882 1737 418 1260 853 1677 440 1203 734 1212 488 1164 729 1375 488 1349 696 1483 581 1405 707 1478 610 1385 663 1666 578 1610 
491 394 500 249 534 240 557 245 433 214 410 218 390 217 660 154 391 155 553 459 484 477 864 502 315 479 973 1162 343 1007 919 1680 416 1206 939 1787 403 1295 882 1737 418 1260 853 1677 440 1203 734 1212 488 1164 729 1375 488 1349 696 1483 581 1405 707 1478 610 1385 663 1666 578 1610 
